A=[5 7 8 6 5 4];
B=[5 7 8 6 5 4 8];